Super image: [[119. 119. 119. ... 202. 200. 200.]
 [119. 119. 119. ... 202. 200. 200.]
 [120. 120. 117. ... 199. 203. 203.]
 ...
 [ 84.  84.  90. ... 209. 204. 204.]
 [ 79.  79.  86. ... 209. 203. 203.]
 [ 79.  79.  86. ... 209. 203. 203.]]


[[119 119 120 ... 205 202 200]
 [120 117 123 ... 203 199 203]
 [123 122 127 ... 203 199 201]
 ...
 [106  97 126 ... 220 219 215]
 [ 84  90 134 ... 217 209 204]
 [ 79  86  96 ... 215 209 203]]


[[119 119 120 ... 205 202 200]
 [120 117 123 ... 203 199 203]
 [123 122 127 ... 203 199 201]
 ...
 [106  97 126 ... 220 219 215]
 [ 84  90 134 ... 217 209 204]
 [ 79  86  96 ... 215 209 203]]


[[119 119 120 ... 205 202 200]
 [120 117 123 ... 203 199 203]
 [123 122 127 ... 203 199 201]
 ...
 [106  97 126 ... 220 219 215]
 [ 84  90 134 ... 217 209 204]
 [ 79  86  96 ... 215 209 203]]


[[122 118 119 ... 206 202 196]
 [125 117 123 ... 203 199 198]
 [128 122 127 ... 203 199 197]
 ...
 [112  97 126 ... 220 219 209]
 [ 90  90 134 ... 217 209 197]
 [ 88  88  98 ... 214 209 196]]
12.560038007447872
